SZA\Ozone_column_DU	150DU	175DU	200DU	225DU	250DU	275DU	300DU	325DU	350DU	375DU	400DU	
9.000000000000000000e+01	7.187675059929037838e-05	7.005189678072279848e-05	6.841705510652588854e-05	6.693502428085781007e-05	6.558516215922448724e-05	6.432976874002602251e-05	6.316474468264750362e-05	6.208078219672181065e-05	6.106493375322451830e-05	6.009948625151203194e-05	5.919104422545387525e-05
8.900000000000000000e+01	1.110243121496196962e-04	1.083164095875895235e-04	1.058895405666448206e-04	1.036973755217368548e-04	1.016888828420362174e-04	9.983634969648774759e-05	9.809703695815939881e-05	9.648738597161642962e-05	9.496934150641202156e-05	9.353713884137891416e-05	9.218432706934759520e-05
8.800000000000000000e+01	1.593951599424285517e-04	1.556837401422071733e-04	1.523442977959516660e-04	1.493237833108993320e-04	1.465474447071073659e-04	1.439832082176650948e-04	1.416038978157435635e-04	1.393717747260180971e-04	1.372635560432311974e-04	1.352810285375611839e-04	1.334072693421674304e-04
8.700000000000000000e+01	2.153049349696588342e-04	2.104751194458888419e-04	2.061660687778642947e-04	2.022260191781702127e-04	1.986320472228684836e-04	1.952941950114501211e-04	1.921956208757778046e-04	1.892955864987284041e-04	1.865613817354749274e-04	1.839830631545378908e-04	1.815273979490816586e-04
8.600000000000000000e+01	2.778029692719031444e-04	2.718196495986120102e-04	2.664429800089687054e-04	2.615672647992210004e-04	2.570866669392890178e-04	2.529416003995138139e-04	2.490786876091853185e-04	2.454518603554771742e-04	2.420578906407874970e-04	2.388357166046219007e-04	2.357824877670602762e-04
8.500000000000000000e+01	3.463182830274576175e-04	3.391188529208042030e-04	3.326526956328208903e-04	3.267761421034552811e-04	3.213828712839997487e-04	3.163795095518725804e-04	3.117223819035232451e-04	3.073660640364037815e-04	3.032481654518226467e-04	2.993674424837030885e-04	2.956826736917429819e-04
8.400000000000000000e+01	4.205885925194154280e-04	4.121196918815062051e-04	4.045291187128923155e-04	3.976158682290174156e-04	3.912754393426933668e-04	3.853930946702687908e-04	3.799105222072384023e-04	3.747704662381879954e-04	3.699304038478810571e-04	3.653516851225472695e-04	3.610110042252417419e-04
8.300000000000000000e+01	5.005512041959692821e-04	4.907843650652899238e-04	4.820127077241070533e-04	4.740404868421857140e-04	4.667080134819597209e-04	4.599187209832139101e-04	4.535841481953634103e-04	4.476458570881062583e-04	4.420512816927353269e-04	4.367498955566871330e-04	4.317252634855762842e-04
8.200000000000000000e+01	5.862645950790313764e-04	5.751669947435496862e-04	5.651891578520875335e-04	5.561153881980324598e-04	5.477652418769172289e-04	5.400324330276900630e-04	5.328140872774277418e-04	5.260368129158902182e-04	5.196677189914316285e-04	5.136288782628428999e-04	5.078937410861911498e-04
8.100000000000000000e+01	6.778377213956433443e-04	6.653211199061311075e-04	6.541718361590304108e-04	6.438871282046328874e-04	6.345394817616177314e-04	6.257684171261451104e-04	6.176530146092167398e-04	6.100220328079085114e-04	6.028696121551902713e-04	5.960282696260625450e-04	5.895628585403391540e-04
8.000000000000000000e+01	7.751568578999890480e-04	7.613159763774424767e-04	7.487872741353887585e-04	7.374179322833134594e-04	7.268792014345048635e-04	7.172078941934704414e-04	7.081821042012948538e-04	6.995888045245670945e-04	6.915859155567458550e-04	6.840151026504862584e-04	6.767704512077891629e-04
7.900000000000000000e+01	8.782934707929171718e-04	8.629381399415956893e-04	8.491291943084594129e-04	8.365712261081108964e-04	8.249830476507839794e-04	8.141948945295880615e-04	8.041498977943251992e-04	7.947205869011668335e-04	7.859030641606366699e-04	7.773903026324019763e-04	7.694050034207146902e-04
7.800000000000000000e+01	9.869854630519597424e-04	9.701501369321236532e-04	9.549117871476280224e-04	9.411227828075808752e-04	9.284294371953518994e-04	9.165465085784898309e-04	9.055434694931030048e-04	8.951419067740557043e-04	8.853728176318813011e-04	8.761093933395591900e-04	8.673147961676403849e-04
7.700000000000000000e+01	1.100909485604846440e-03	1.082513146662778284e-03	1.065983273911562867e-03	1.050886887229502981e-03	1.036949514795038312e-03	1.024063253241150242e-03	1.011963168940858970e-03	1.000770598597120007e-03	9.900781426021793355e-04	9.798218590771673366e-04	9.702661695527893537e-04
7.600000000000000000e+01	1.219874588786683169e-03	1.199929263364959585e-03	1.181889741562316964e-03	1.165480983277117051e-03	1.150336080197924323e-03	1.136390298552672744e-03	1.123226752328359938e-03	1.111034005493957613e-03	1.099282751994757733e-03	1.088323198199668681e-03	1.077876519867099637e-03
7.500000000000000000e+01	1.343368082322187861e-03	1.321807696820629556e-03	1.302370279844065632e-03	1.284534260002198744e-03	1.268292688785652720e-03	1.253107566099876877e-03	1.238936241688670540e-03	1.225684638986537182e-03	1.213120882481976857e-03	1.201168883576509338e-03	1.189895774572602948e-03
7.400000000000000000e+01	1.470987585135703768e-03	1.447831302857023432e-03	1.426847518222696927e-03	1.407768187042540524e-03	1.390266783766994909e-03	1.373940527713467686e-03	1.358688786527991648e-03	1.344378112134615635e-03	1.330881764080404320e-03	1.317997216216805533e-03	1.305861906222574803e-03
7.300000000000000000e+01	1.602403345702169872e-03	1.577487348916408599e-03	1.555079101781897807e-03	1.534682071447865089e-03	1.515859420729302135e-03	1.498456908911457823e-03	1.482084508957116952e-03	1.466726091520821531e-03	1.452231185673797742e-03	1.438516558429284511e-03	1.425362637958132615e-03
7.200000000000000000e+01	1.737084441964001271e-03	1.710601946937539411e-03	1.686700834285313755e-03	1.664869331613274194e-03	1.644861992884867055e-03	1.626113766702154883e-03	1.608691148629068672e-03	1.592294955100564350e-03	1.576797972340850638e-03	1.562171599880433524e-03	1.548163432450334409e-03
7.100000000000000000e+01	1.874753544424340949e-03	1.846560507687263451e-03	1.821128138901033020e-03	1.797961041878682210e-03	1.776658301549309581e-03	1.756758301627271094e-03	1.738211680645448346e-03	1.720771158364562195e-03	1.704291023457336256e-03	1.688654610146181779e-03	1.673841944683307839e-03
7.000000000000000000e+01	2.014985229259233946e-03	1.985101671127134735e-03	1.958197143470038429e-03	1.933524385919620529e-03	1.910936946986782842e-03	1.889810918903055007e-03	1.870176292651516605e-03	1.851750910059060326e-03	1.834259102459818601e-03	1.817732048781904803e-03	1.801949622733560854e-03
6.900000000000000000e+01	2.157329451876278947e-03	2.125830666677361747e-03	2.097405146791585500e-03	2.071511517566878083e-03	2.047435474235013465e-03	2.025269897754478944e-03	2.004472315705646719e-03	1.984894683015839701e-03	1.966425666791097541e-03	1.948923533904825273e-03	1.932309129761601747e-03
6.800000000000000000e+01	2.301703887583977665e-03	2.268493451091707289e-03	2.238384095253434427e-03	2.211053914868139295e-03	2.185803412085770940e-03	2.162450418471956095e-03	2.140487522891394191e-03	2.119840999779313163e-03	2.100417182064664816e-03	2.081979518653042684e-03	2.064321337083808387e-03
6.700000000000000000e+01	2.447460518836939818e-03	2.412501538791502788e-03	2.380993535251702421e-03	2.352226995043971060e-03	2.325718051851789411e-03	2.301054558533182238e-03	2.278059134288733158e-03	2.256374269796024724e-03	2.235832131810806291e-03	2.216474959597226728e-03	2.197952145429383358e-03
6.600000000000000000e+01	2.594497264525570581e-03	2.557798264065689903e-03	2.524867807319598409e-03	2.494659285553625216e-03	2.466864381569319579e-03	2.441029623903353835e-03	2.416826959298521219e-03	2.394016768063803643e-03	2.372638691099358127e-03	2.352303235905444517e-03	2.332902531386206717e-03
6.500000000000000000e+01	2.742552843252502211e-03	2.704165788699426642e-03	2.669610449973604163e-03	2.638003456234404732e-03	2.608945857696998161e-03	2.581871013131716974e-03	2.556624288623317916e-03	2.532812961682195853e-03	2.510388504049732190e-03	2.489141408010464660e-03	2.468772898806892782e-03
6.400000000000000000e+01	2.891148107446631955e-03	2.851171930332230091e-03	2.815099733777828156e-03	2.782110699510280828e-03	2.751763370800123197e-03	2.723559463568980907e-03	2.697111448738874918e-03	2.672350044262341608e-03	2.648880439368782834e-03	2.626686440517157078e-03	2.605504670501889060e-03
6.300000000000000000e+01	3.040290656632866316e-03	2.998596052753591933e-03	2.961072131397015587e-03	2.926717092910524447e-03	2.895071739431688117e-03	2.865647022643139780e-03	2.838198959638045787e-03	2.812363048475488830e-03	2.787859764920706373e-03	2.764653829115962681e-03	2.742672308692793368e-03
6.200000000000000000e+01	3.189757944242299463e-03	3.146424408617285503e-03	3.107295616167171908e-03	3.071608207130570485e-03	3.038696355407334224e-03	3.008057375020562960e-03	2.979441485695280643e-03	2.952605927653737753e-03	2.927093444475502813e-03	2.902999257380630988e-03	2.880159578385063559e-03
6.100000000000000000e+01	3.335514002369990415e-03	3.290506574359161260e-03	3.250004924000150612e-03	3.212974781909034433e-03	3.178933196956436075e-03	3.147099581283253726e-03	3.117537168025907943e-03	3.089653515133110144e-03	3.063213834816386118e-03	3.038153503486387599e-03	3.014438153646415829e-03
6.000000000000000000e+01	3.484614313382191318e-03	3.437984770013022794e-03	3.396035629231919113e-03	3.357690255035879114e-03	3.322200642685970394e-03	3.289381856999903844e-03	3.258665556062750965e-03	3.229773782383012128e-03	3.202325479056412384e-03	3.176495913390310968e-03	3.151857409763527892e-03
5.900000000000000000e+01	3.633291050070230812e-03	3.585027289423644084e-03	3.541610628747637445e-03	3.501822532431073543e-03	3.465270820890935417e-03	3.431352358520375206e-03	3.399502016954578792e-03	3.369546330899501983e-03	3.341294726916754949e-03	3.314422126022369217e-03	3.288893580092930053e-03
5.800000000000000000e+01	3.785667262135422682e-03	3.735754818529115565e-03	3.690813036300535314e-03	3.649806419034544273e-03	3.611945305052872805e-03	3.576748507055750505e-03	3.543918608989596233e-03	3.512962811989905551e-03	3.483691645173711895e-03	3.455961465806527914e-03	3.429583728073154654e-03
5.700000000000000000e+01	3.933368147685870932e-03	3.881908505889099595e-03	3.835579869528695559e-03	3.793278001342736440e-03	3.754168794813300680e-03	3.717911932625847602e-03	3.683921116084505013e-03	3.652021669741064777e-03	3.621806958593282860e-03	3.593213351262750706e-03	3.565933049478721764e-03
5.600000000000000000e+01	4.080231443202596286e-03	4.027297638815660955e-03	3.979556496176818794e-03	3.935925583398554133e-03	3.895655864070581616e-03	3.858344460953397944e-03	3.823324286341565816e-03	3.790393961738069365e-03	3.759286891115415970e-03	3.729833558909026806e-03	3.701730676693752112e-03
5.500000000000000000e+01	4.226293071258683740e-03	4.171795290400217605e-03	4.122612979193673519e-03	4.077625264264959394e-03	4.036313827169627638e-03	3.997817298562549547e-03	3.961813081386387873e-03	3.927898732935647917e-03	3.895936937079651306e-03	3.865469501456959573e-03	3.836664557233845918e-03
5.400000000000000000e+01	4.371230521907083777e-03	4.315180360040489667e-03	4.264679052858294517e-03	4.218464921960179102e-03	4.175918236171361798e-03	4.136349505714256164e-03	4.099370265013596755e-03	4.064564333574738689e-03	4.031677738326696660e-03	4.000369192313484729e-03	3.970690462756705161e-03
5.300000000000000000e+01	4.514941008941501799e-03	4.457474642926204794e-03	4.405537708956928922e-03	4.358104703748416110e-03	4.314395672663927546e-03	4.273763408140985286e-03	4.235667813098573965e-03	4.199981939046251549e-03	4.166212593546343886e-03	4.134250454713966905e-03	4.103720172938989455e-03
5.200000000000000000e+01	4.657327698910166021e-03	4.598355454392778763e-03	4.545093295989844663e-03	4.496518141348841181e-03	4.451673711377163514e-03	4.409988353717688055e-03	4.371042801281237004e-03	4.334412014510839739e-03	4.299756583229728465e-03	4.266881789282080811e-03	4.235574916458025550e-03
5.100000000000000000e+01	4.798458674622347805e-03	4.737977044382130770e-03	4.683447620807158589e-03	4.633496577360582923e-03	4.587668687557457624e-03	4.544968134816597047e-03	4.505027760089227659e-03	4.467400969259152817e-03	4.431841801768868043e-03	4.398205167927824941e-03	4.366171702219505922e-03
5.000000000000000000e+01	4.938048813660242051e-03	4.876041448211063112e-03	4.820225568003244296e-03	4.769291389972679304e-03	4.722226041865418625e-03	4.678454047126755048e-03	4.637577899664057160e-03	4.599081672703726580e-03	4.562735853569905783e-03	4.528323348771113449e-03	4.495512072570291041e-03
