SZA\Ozone_column_DU	200DU	225DU	250DU	275DU	300DU	325DU	350DU	375DU	400DU	425DU	450DU	475DU	500DU	
9.000000000000000000e+01	8.733911619694900664e-05	8.547314869997240619e-05	8.376630365694984258e-05	8.219035317243617196e-05	8.072690318312125506e-05	7.935740727603881434e-05	7.807255358555853172e-05	7.685929747762555795e-05	7.571411778954804039e-05	7.462147176986137906e-05	7.358763542319866251e-05	7.259853364149057348e-05	7.165046346347711634e-05
8.900000000000000000e+01	1.358561467356109208e-04	1.330746773520525466e-04	1.305264489670392495e-04	1.281727761220733124e-04	1.259811483841683411e-04	1.239325313425337384e-04	1.220056719220384301e-04	1.201865545856444612e-04	1.184687791920494834e-04	1.168327634676439452e-04	1.152763132458544250e-04	1.137898410788894417e-04	1.123651059181669229e-04
8.800000000000000000e+01	1.962445286291531062e-04	1.923937559017904471e-04	1.888588106946991699e-04	1.855925777627147810e-04	1.825516828524053519e-04	1.797042840787782547e-04	1.770291809003667505e-04	1.745005062392541160e-04	1.721088741438247345e-04	1.698339971235264187e-04	1.676623838767930732e-04	1.655897354210135865e-04	1.636045187460013421e-04
8.700000000000000000e+01	2.663069801934579836e-04	2.612570614158238520e-04	2.566712269553635020e-04	2.524217884792206773e-04	2.484262634397272230e-04	2.447313305303780635e-04	2.412317411985832308e-04	2.379096170191716383e-04	2.348029033323121293e-04	2.318106382825829205e-04	2.289707325695729539e-04	2.262557863925276154e-04	2.236527649910828965e-04
8.600000000000000000e+01	3.447096514964966257e-04	3.384431210161036171e-04	3.327129146178034588e-04	3.274214712892938809e-04	3.224564545831614683e-04	3.178061818398303156e-04	3.134366245364417127e-04	3.092900921811996191e-04	3.053775109897204944e-04	3.016764135308425067e-04	2.981082302609803125e-04	2.947096532578768698e-04	2.914510970482006645e-04
8.500000000000000000e+01	4.305360897631497390e-04	4.230090997596764463e-04	4.160700825617121793e-04	4.096231258609450026e-04	4.036585014726111476e-04	3.980406918824392574e-04	3.927715789550668144e-04	3.877654929631550360e-04	3.830514629184394505e-04	3.785320028452273094e-04	3.742304126308065035e-04	3.701449572371137242e-04	3.661615629086090412e-04
8.400000000000000000e+01	5.229520009068533990e-04	5.140843432567233310e-04	5.059175681100779032e-04	4.983640141787902501e-04	4.913234677302910202e-04	4.847243611258394264e-04	4.784644326894347969e-04	4.726126732142960714e-04	4.670428811196638630e-04	4.617206849674638158e-04	4.566159555193543456e-04	4.518129089808063182e-04	4.471548291833755615e-04
8.300000000000000000e+01	6.213145953492039443e-04	6.110356736043521001e-04	6.016462474538798212e-04	5.929422425469614132e-04	5.847775236680848900e-04	5.771503447170661053e-04	5.699961239397685186e-04	5.631953631058036211e-04	5.567094190624111410e-04	5.505955729467907830e-04	5.447270578089326125e-04	5.391107110105541238e-04	5.337245229410234526e-04
8.200000000000000000e+01	7.249143996031124325e-04	7.133041065847004836e-04	7.025952634478573652e-04	6.927026917479229499e-04	6.834365604871556503e-04	6.747819604859932058e-04	6.666043760099447544e-04	6.588816026498525973e-04	6.515345545269932799e-04	6.445677906275332474e-04	6.378817233020939734e-04	6.314632477934927239e-04	6.253543593137916683e-04
8.100000000000000000e+01	8.332735407433360022e-04	8.202587948198630623e-04	8.082318710365566511e-04	7.971206085667889877e-04	7.867563998676252316e-04	7.770274854609527000e-04	7.678689930092536019e-04	7.591678537369170353e-04	7.509353925254483352e-04	7.430693254795404110e-04	7.355810529215648253e-04	7.283783063504299530e-04	7.215219391926819921e-04
8.000000000000000000e+01	9.458551329587836344e-04	9.313917423188931496e-04	9.180933052995739587e-04	9.057500268455922435e-04	8.942294971755759565e-04	8.834211914033344906e-04	8.732397174050851455e-04	8.636248909891549707e-04	8.544369414443706793e-04	8.457165784940473075e-04	8.373543753343922619e-04	8.293970277439204975e-04	8.217460808390072979e-04
7.900000000000000000e+01	1.062190911310304312e-03	1.046312638194657908e-03	1.031636635439992997e-03	1.018078238436963918e-03	1.005409420228393826e-03	9.934872976847303108e-04	9.823221737293220436e-04	9.717143508556943653e-04	9.616497584241384547e-04	9.520120471162539511e-04	9.428624041806641298e-04	9.340799621640178243e-04	9.256487977793187872e-04
7.800000000000000000e+01	1.181930706743347962e-03	1.164592989485420784e-03	1.148578886683185784e-03	1.133797633338312974e-03	1.119944049768266219e-03	1.106987111401773255e-03	1.094739804347711872e-03	1.083149371986538408e-03	1.072116434005453882e-03	1.061641037348056609e-03	1.051599549439806653e-03	1.042031198562397981e-03	1.032817546686923488e-03
7.700000000000000000e+01	1.304730500642712005e-03	1.285876687996172435e-03	1.268544197469306670e-03	1.252489995695708685e-03	1.237473762485682884e-03	1.223392964097855164e-03	1.210120363961048441e-03	1.197585807573094043e-03	1.185626021343096298e-03	1.174255818276883235e-03	1.163386485925641499e-03	1.152956659858381814e-03	1.142973971253410850e-03
7.600000000000000000e+01	1.430211050529320554e-03	1.409891765857868148e-03	1.391221618863544389e-03	1.373887096915979433e-03	1.357717986359494554e-03	1.342553492247113098e-03	1.328228641154399195e-03	1.314711411416708735e-03	1.301817782892612102e-03	1.289541109870209886e-03	1.277794111662260883e-03	1.266595233133396836e-03	1.255796145522188479e-03
7.500000000000000000e+01	1.558147406168118414e-03	1.536340325627417796e-03	1.516333783648692729e-03	1.497751658209549438e-03	1.480408262612915686e-03	1.464179683046310833e-03	1.448775114859743264e-03	1.434248593442998465e-03	1.420428697290777691e-03	1.407255157707238595e-03	1.394691129270181134e-03	1.382639224357490662e-03	1.371045141583041070e-03
7.400000000000000000e+01	1.688290509629934884e-03	1.665039895386509830e-03	1.643657398878038212e-03	1.623820414920861986e-03	1.605286537750612525e-03	1.587903317184972615e-03	1.571577134936338795e-03	1.556043862414773285e-03	1.541276853045184247e-03	1.527160800025910165e-03	1.513765013558945882e-03	1.500891951514940915e-03	1.488551177910922172e-03
7.300000000000000000e+01	1.820442255898363721e-03	1.795726644491954255e-03	1.773036960473233252e-03	1.751913376551175999e-03	1.732227157434942499e-03	1.713721659187641619e-03	1.696322567559674062e-03	1.679782105223473487e-03	1.664111520131478271e-03	1.649159856558839567e-03	1.634894509006664959e-03	1.621158089632086189e-03	1.608013990066537151e-03
7.200000000000000000e+01	1.954429255662948426e-03	1.928325543975017205e-03	1.904105307878382414e-03	1.881827828872105479e-03	1.860952637307764857e-03	1.841390491219902035e-03	1.822844015065043727e-03	1.805348121035568309e-03	1.788798148773478210e-03	1.772956679657414995e-03	1.757765662689768187e-03	1.743196227556281135e-03	1.729332782237483429e-03
7.100000000000000000e+01	2.090196831580788932e-03	2.062440276537101831e-03	2.036896959805487971e-03	2.013369575592014252e-03	1.991268611506118776e-03	1.970665950094037649e-03	1.951062439140382196e-03	1.932777541978512740e-03	1.915132444218160899e-03	1.898378537493972985e-03	1.882306059250906955e-03	1.867145084256724170e-03	1.852332066398294135e-03
7.000000000000000000e+01	2.227101604726138516e-03	2.198159088429115036e-03	2.171217684157690595e-03	2.146380577909838289e-03	2.123189708591588336e-03	2.101428342860426485e-03	2.081007778545222384e-03	2.061528651824092069e-03	2.042931136276577263e-03	2.025397583964262758e-03	2.008429049040122601e-03	1.992111095322205826e-03	1.976672037731043614e-03
6.900000000000000000e+01	2.365651995883268077e-03	2.335153563285266923e-03	2.307045208719629443e-03	2.280612053494643614e-03	2.256502238338513495e-03	2.233291349046568654e-03	2.212172742976918800e-03	2.191744074674450461e-03	2.171911744170299929e-03	2.153530886184933015e-03	2.136003082756220313e-03	2.118830075961457542e-03	2.102409623215104051e-03
6.800000000000000000e+01	2.505078140990136225e-03	2.473179009858018310e-03	2.443828511423695813e-03	2.416440087351130403e-03	2.390992117605794231e-03	2.367011648204051227e-03	2.344082714879824111e-03	2.322996720259211563e-03	2.302644933369523556e-03	2.283039779892069056e-03	2.264678165398796225e-03	2.246640227593289969e-03	2.229660786825928259e-03
6.700000000000000000e+01	2.645875585550202299e-03	2.612755442995638461e-03	2.581747102475812246e-03	2.553094456063948869e-03	2.526469124922124665e-03	2.501445693842154015e-03	2.477998268403182412e-03	2.455434594258129946e-03	2.434159689459760960e-03	2.413532048160096921e-03	2.394430896707777385e-03	2.375859243594428613e-03	2.358037393174496760e-03
6.600000000000000000e+01	2.787612758678729291e-03	2.752728036934035984e-03	2.720645478036779700e-03	2.691175229424599621e-03	2.663040836815561054e-03	2.636621590980378366e-03	2.612011005692046681e-03	2.588929651495615498e-03	2.566652560736324990e-03	2.545617140061408670e-03	2.525166962058651623e-03	2.505580530506864873e-03	2.487105585852195187e-03
6.500000000000000000e+01	2.930261837131089252e-03	2.893960555927998189e-03	2.860344728245838540e-03	2.829265064413910916e-03	2.800360651803943720e-03	2.773178156875211881e-03	2.747388018607752839e-03	2.723017820839636598e-03	2.699882528981811716e-03	2.678105022091233859e-03	2.656977290422015033e-03	2.636650458633880371e-03	2.617002999232146028e-03
6.400000000000000000e+01	3.073298701185298541e-03	3.035659749672794342e-03	3.000844144287129027e-03	2.968447719454966448e-03	2.938450966611655304e-03	2.910275000366186176e-03	2.883500073558229165e-03	2.858084422612044637e-03	2.834119683367056913e-03	2.811140233411415796e-03	2.789164150543653291e-03	2.768255863536759308e-03	2.748005466026142134e-03
6.300000000000000000e+01	3.217148842057461055e-03	3.178023688351360593e-03	3.141916954612521649e-03	3.108474989056357607e-03	3.077068710796159422e-03	3.047763832421135702e-03	3.020153862981446100e-03	2.993920933722853551e-03	2.968806288379004319e-03	2.945161025537932405e-03	2.922521555461219962e-03	2.900599826145867227e-03	2.879658978051007588e-03
6.200000000000000000e+01	3.361714321023546743e-03	3.320822507359798888e-03	3.283377148003216971e-03	3.248904856545018014e-03	3.216573937720342696e-03	3.186163413462163481e-03	3.157293677760348097e-03	3.130248090787679429e-03	3.104179678714798652e-03	3.079496626192460874e-03	3.056140205952862995e-03	3.033570765132688734e-03	3.011598029743922048e-03
6.100000000000000000e+01	3.501967787155101878e-03	3.459797348923298807e-03	3.421555289992488525e-03	3.385635660918416036e-03	3.352127062410984251e-03	3.320542638440543166e-03	3.290976756646601855e-03	3.262656739300436905e-03	3.236225469570648550e-03	3.210645062552870688e-03	3.186415118186292084e-03	3.162676878809690933e-03	3.140560580088818266e-03
6.000000000000000000e+01	3.646988498599380846e-03	3.603378261677996075e-03	3.563524682573710866e-03	3.526254080995775125e-03	3.491726214361323081e-03	3.459219068462148199e-03	3.428807041139280212e-03	3.399470185804455077e-03	3.372078981435410513e-03	3.345511872955108171e-03	3.320442143829251732e-03	3.296295676775102407e-03	3.273306326417375466e-03
5.900000000000000000e+01	3.791683221612552647e-03	3.746756601020588724e-03	3.705605714894971182e-03	3.667432558978380927e-03	3.631669951553951215e-03	3.598246440141056237e-03	3.566488420251717143e-03	3.536508767835865041e-03	3.508197809942787543e-03	3.481121149833850837e-03	3.454755764950292671e-03	3.429978009658869818e-03	3.406028375104933406e-03
5.800000000000000000e+01	3.941499782935616730e-03	3.895371646616630802e-03	3.852710365724330670e-03	3.813379100550052213e-03	3.776585935202487337e-03	3.742043032995400701e-03	3.709354076900523052e-03	3.678396456665015708e-03	3.648995722253193814e-03	3.620877072810579824e-03	3.594412257805529483e-03	3.568406465548225066e-03	3.543484310153636237e-03
5.700000000000000000e+01	4.086944440664233742e-03	4.039180069293050318e-03	3.995405501369244348e-03	3.954867150415664230e-03	3.916748482428376171e-03	3.881223246896337194e-03	3.848042926293634980e-03	3.815827794021923666e-03	3.785558764056560707e-03	3.756739639369704141e-03	3.728989173174514487e-03	3.702376811100334311e-03	3.677139278777969734e-03
5.600000000000000000e+01	4.231394050664503276e-03	4.182844724845810776e-03	4.137683478020064143e-03	4.095949428451711380e-03	4.057243429952881765e-03	4.020462544865100775e-03	3.985599561306283831e-03	3.953152722248456062e-03	3.922287909300517690e-03	3.892214096374742565e-03	3.863935848579143351e-03	3.836760801348652189e-03	3.810239925478079576e-03
5.500000000000000000e+01	4.376594843850747235e-03	4.326155266360152615e-03	4.280185388163444682e-03	4.237406507064114640e-03	4.197029473357583723e-03	4.159398169028044080e-03	4.123883409551849961e-03	4.089841236988739706e-03	4.058230359970438350e-03	4.027745357938092470e-03	3.998596847147661143e-03	3.970748608324191006e-03	3.943819834058343542e-03
5.400000000000000000e+01	4.520885994160389956e-03	4.469406256883677077e-03	4.421860808388813902e-03	4.377767915870490849e-03	4.336832100282361942e-03	4.297962577398148180e-03	4.261607146196515553e-03	4.226910353453935780e-03	4.194220189093077374e-03	4.163018860777454623e-03	4.133147432771047507e-03	4.104129470049378524e-03	4.076689989696687111e-03
5.300000000000000000e+01	4.664635377897374292e-03	4.612178713238895660e-03	4.563461437410360096e-03	4.518105537432813221e-03	4.476051654690540484e-03	4.436055234481719144e-03	4.398953450813055874e-03	4.363485878522067006e-03	4.329621451391938228e-03	4.297717660041780290e-03	4.267249711165961926e-03	4.237485175895616685e-03	4.209311324915564374e-03
5.200000000000000000e+01	4.808188457172954573e-03	4.754342819440191860e-03	4.704044835862417583e-03	4.658042444148024173e-03	4.615021194709199685e-03	4.574117702260174431e-03	4.535557571352495654e-03	4.499359738251452676e-03	4.464985905748309995e-03	4.431890597106981876e-03	4.400382757821685170e-03	4.370109856687647530e-03	4.341173826377730388e-03
5.100000000000000000e+01	4.950783805414784612e-03	4.895449287759113914e-03	4.844655652750826276e-03	4.797151589443649639e-03	4.752918758522978876e-03	4.711397813094788528e-03	4.672145128965240340e-03	4.634818296103224156e-03	4.599353053688522847e-03	4.565599919967884904e-03	4.533373473097829405e-03	4.502532591321214278e-03	4.472782292487994561e-03
5.000000000000000000e+01	5.092989275035261082e-03	5.035891378448705338e-03	4.983887232567686676e-03	4.935470544904950983e-03	4.890381354285766591e-03	4.847943270960317075e-03	4.807327792801068846e-03	4.769464685667036338e-03	4.733601961801650083e-03	4.698602309015866355e-03	4.665503386658286650e-03	4.634153008422303884e-03	4.603870530238939919e-03
