4.271273479331284761e+00
4.636577309536278335e+00
5.236384436488151550e+00
6.115654962137341499e+00
6.893652770668268204e+00
7.650980114936828613e+00
8.954273253679275513e+00
1.023919552564620972e+01
1.125692427158355713e+01
1.237046623229980469e+01
1.329898428916931152e+01
1.402367281913757324e+01
1.459067988395690918e+01
1.488450860977172852e+01
1.520299053192138672e+01
1.551695489883422852e+01
1.533732366561889648e+01
1.565338897705078125e+01
1.565352487564086914e+01
1.385858130455017090e+01
1.317461204528808594e+01
1.267076802253723145e+01
1.266692835092544556e+01
1.165714508295059204e+01
1.094847655296325684e+01
9.269313573837280273e+00
7.999892711639404297e+00
7.269172191619873047e+00
6.042966365814208984e+00
4.991527557373046875e+00
3.951016426086425781e+00
2.605345726013183594e+00
2.903598308563232422e+00
2.677416801452636719e+00
1.747169971466064453e+00
1.203493595123291016e+00
1.051724672317504883e+00
9.903051853179931641e-01
7.633543014526367188e-01
1.016266584396362305e+00
1.148300704080611467e+00
1.419644653797149658e+00
1.573208838701248169e+00
1.772387400269508362e+00
2.007325723767280579e+00
2.256342495791614056e+00
2.647748193703591824e+00
2.945870365947484970e+00
3.169478113763034344e+00
3.312001444865018129e+00
3.728106986731290817e+00
3.992737625889276387e+00
