SZA\Ozone_column_DU	150DU	175DU	200DU	225DU	250DU	275DU	300DU	325DU	350DU	375DU	400DU	
9.000000000000000000e+01	1.133230681850894596e-06	9.798622951692781062e-07	8.633532418622093052e-07	7.716732566056923292e-07	6.975927552471258624e-07	6.363570174490927334e-07	5.849740549935689241e-07	5.411345930987835372e-07	5.033203298548386326e-07	4.703553136392520357e-07	4.413213688783075442e-07
8.900000000000000000e+01	1.776558056180505219e-06	1.538083878118658627e-06	1.356787597569072184e-06	1.213938961240924036e-06	1.098372003574695253e-06	1.002924540379570751e-06	9.225218114461583886e-07	8.540339502643604785e-07	7.948521036160603032e-07	7.432245233554800905e-07	6.977835960646864373e-07
8.800000000000000000e+01	2.628266995623055540e-06	2.278626257836161218e-06	2.011947670027843328e-06	1.801936860095205596e-06	1.631833852691821537e-06	1.491140126485946062e-06	1.372845431182105900e-06	1.271761634122774248e-06	1.184455288606233193e-06	1.108180604601118089e-06	1.041050519728173523e-06
8.700000000000000000e+01	3.693091937594993770e-06	3.204757655521466969e-06	2.832761700630033047e-06	2.539172445285002520e-06	2.301577302207792588e-06	2.104758392583077151e-06	1.939092965803976982e-06	1.797648857017348972e-06	1.675288172401407168e-06	1.568501632143394089e-06	1.474256218076308787e-06
8.600000000000000000e+01	4.980486371184067680e-06	4.325781397640288629e-06	3.826842928705823464e-06	3.433045578712992471e-06	3.113987653123075750e-06	2.849883893622957515e-06	2.627269702801650852e-06	2.437046797385679462e-06	2.272708236163909009e-06	2.128966399126502305e-06	2.002186647557704727e-06
8.500000000000000000e+01	6.500865916706841701e-06	5.650770783783424760e-06	5.002636107490462544e-06	4.491033489701125280e-06	4.076196373458867722e-06	3.732719120253053813e-06	3.443103882677412919e-06	3.195671660186355150e-06	2.981628286868070573e-06	2.794593083351249210e-06	2.629542779533444670e-06
8.400000000000000000e+01	8.265716752348638025e-06	7.189660517368029664e-06	6.369173340551398334e-06	5.720896602106142437e-06	5.195595060208802241e-06	4.760221413771377058e-06	4.393169736694168957e-06	4.079720710896986756e-06	3.808260502028869110e-06	3.570964816852370997e-06	3.361566027325058037e-06
8.300000000000000000e+01	1.028710662789484092e-05	8.953102315870842110e-06	7.935702524592472805e-06	7.131769251698265591e-06	6.480187960676077735e-06	5.940149080520569768e-06	5.484901841336971730e-06	5.095638557336757397e-06	4.758571469407700895e-06	4.463841473931777247e-06	4.203790466219963684e-06
8.200000000000000000e+01	1.257888605531761521e-05	1.095444046623742136e-05	9.713694527953920042e-06	8.733901352789633088e-06	7.939382540329006590e-06	7.280656998841607374e-06	6.725931810996673424e-06	6.250935540606840142e-06	5.839858125976663946e-06	5.480226858691969460e-06	5.162684643280241716e-06
8.100000000000000000e+01	1.515543156050850343e-05	1.320405082009583525e-05	1.171483845232867101e-05	1.053786321341888723e-05	9.583034223691541133e-06	8.791254633141184379e-06	8.124111821390216499e-06	7.553559183685030951e-06	7.059139654666438696e-06	6.626963733581605729e-06	6.244993728350608578e-06
8.000000000000000000e+01	1.803116543682203174e-05	1.571712153676004523e-05	1.394903401870345592e-05	1.255279159639532036e-05	1.141920537996693978e-05	1.048031255366815437e-05	9.688066149999502652e-06	9.010557668477963683e-06	8.423861384950894895e-06	7.910442771501606068e-06	7.456799472870979527e-06
7.900000000000000000e+01	2.122085147343274322e-05	1.850347275405194177e-05	1.642970417853094748e-05	1.479034859628984723e-05	1.345901088268851803e-05	1.235590696819907351e-05	1.142526907566659911e-05	1.062953501772190745e-05	9.940271899345264352e-06	9.336993308434225088e-06	8.804460959549082846e-06
7.800000000000000000e+01	2.473278754322841852e-05	2.157532238591686416e-05	1.916309896859199474e-05	1.725668737261727931e-05	1.570887359403955495e-05	1.442473477498417634e-05	1.334284233385198862e-05	1.241675093159960642e-05	1.161453154014025255e-05	1.091316762714169036e-05	1.029277588120271448e-05
7.700000000000000000e+01	2.857913203317760263e-05	2.494005763107462066e-05	2.215888408296746854e-05	1.996024208779393903e-05	1.817399265950962132e-05	1.669443676244840901e-05	1.544575058110408063e-05	1.437765494448381552e-05	1.345170233686238150e-05	1.264163366937003425e-05	1.192650940067051073e-05
7.600000000000000000e+01	3.277032715785499890e-05	2.860566288334519443e-05	2.542209638024038888e-05	2.290499791423699551e-05	2.086135553167753955e-05	1.916604204726483218e-05	1.773676103478352586e-05	1.651442884348434565e-05	1.545370294022434517e-05	1.452712898783889509e-05	1.370846151620424237e-05
7.500000000000000000e+01	3.730542301246951749e-05	3.257577183498990876e-05	2.895825791202034320e-05	2.609618405252054100e-05	2.377313621705155535e-05	2.184658986152473070e-05	2.022124866401074712e-05	1.883062615574670261e-05	1.762648256513509233e-05	1.657045904531360419e-05	1.563928615842953665e-05
7.400000000000000000e+01	4.219341519697767041e-05	3.685164974434783971e-05	3.276668414816335764e-05	2.953648892206116200e-05	2.691102006256594471e-05	2.473490959861741545e-05	2.289808720729748481e-05	2.132752412604322324e-05	1.996673579088579169e-05	1.877440021376174182e-05	1.772088440481185291e-05
7.300000000000000000e+01	4.743240127828055155e-05	4.143424022327491001e-05	3.685113816266191093e-05	3.322321077434555825e-05	3.027589754688248666e-05	2.783232183157535009e-05	2.577086616244179110e-05	2.400462033227189436e-05	2.247730496523794007e-05	2.113770571773135489e-05	1.995609447325802995e-05
7.200000000000000000e+01	5.301654625997078519e-05	4.632781327245602429e-05	4.121069949399660008e-05	3.715861621890894728e-05	3.386783751695701054e-05	3.113610159957724312e-05	2.883378696048564135e-05	2.686330047713257578e-05	2.515416985995133035e-05	2.366058534824752409e-05	2.233831755076326435e-05
7.100000000000000000e+01	5.895543841962125911e-05	5.152420220210950417e-05	4.583610335281508889e-05	4.133806261532864228e-05	3.768259715909217690e-05	3.464671181239845267e-05	3.208861194736384380e-05	2.989835952588887843e-05	2.799981280411001884e-05	2.633846320527959430e-05	2.487143572820875255e-05
7.000000000000000000e+01	6.523218292965716851e-05	5.702098401944856557e-05	5.073853154365594764e-05	4.575817513913139239e-05	4.171835729976727000e-05	3.836284371924925427e-05	3.553083035707508468e-05	3.310786688124747664e-05	3.101095334411348739e-05	2.917277698276503779e-05	2.755064591612338838e-05
6.900000000000000000e+01	7.184880141844439123e-05	6.280918818418606295e-05	5.589490776083612161e-05	5.042060032615052053e-05	4.596610817495474550e-05	4.227396603338781867e-05	3.915849987228480714e-05	3.649055650563314543e-05	3.418092906231446834e-05	3.215817868671817196e-05	3.037269774361288396e-05
6.800000000000000000e+01	7.879351541128536336e-05	6.889387696411313671e-05	6.130840293636526637e-05	5.530902317136131594e-05	5.042944175317107914e-05	4.638270023344557246e-05	4.296707635767151875e-05	4.004219212984039202e-05	3.750935149939670354e-05	3.529376925191891418e-05	3.333178281572623923e-05
6.700000000000000000e+01	8.605744419321991866e-05	7.525249447741412382e-05	6.697666464521502170e-05	6.042216838045450249e-05	5.509733586431126833e-05	5.067820007810275193e-05	4.695066114054738843e-05	4.375537229078731334e-05	4.099079460643476752e-05	3.856856053470708416e-05	3.642893031367650875e-05
6.600000000000000000e+01	9.364224510538414535e-05	8.188777316307399329e-05	7.288781542033109242e-05	6.575958633987598985e-05	5.996676510594291096e-05	5.515930280497765068e-05	5.110231766633170891e-05	4.762697439718217060e-05	4.461938802727738376e-05	4.198514468631261894e-05	3.965824662845037439e-05
6.500000000000000000e+01	1.015281776497720437e-04	8.877735343121488459e-05	7.902786212252454784e-05	7.130357807146141789e-05	6.502743765687681672e-05	5.981275993182829634e-05	5.542004575613540670e-05	5.165203925585856623e-05	4.839236324557833098e-05	4.553809061827592767e-05	4.301368473912568714e-05
6.400000000000000000e+01	1.097022303533481459e-04	9.593068922561944596e-05	8.539571509339974201e-05	7.705274749875680126e-05	7.027225388829159633e-05	6.464398205002765358e-05	5.989174276258425311e-05	5.582648537007047396e-05	5.230218532709798250e-05	4.922010796770903235e-05	4.649638924128102213e-05
6.300000000000000000e+01	1.181560900053967565e-04	1.033227240256415626e-04	9.197909584788271236e-05	8.299543118211112115e-05	7.569787985577878771e-05	6.963408685067952540e-05	6.451764042308346682e-05	6.014123330845225500e-05	5.634464564171283066e-05	5.302041968692786724e-05	5.008881515310084772e-05
6.200000000000000000e+01	1.268771359979442548e-04	1.109507427995446376e-04	9.877122259621024284e-05	8.912378250109318498e-05	8.128144448856120202e-05	7.477702950642240354e-05	6.928513503623749334e-05	6.458243893766392506e-05	6.050882217937271062e-05	5.694046504051316471e-05	5.379503893852086719e-05
6.100000000000000000e+01	1.356391747830096870e-04	1.186014956271588599e-04	1.055818484845711275e-04	9.527359183440490989e-05	8.689874599183386493e-05	7.994133912980351639e-05	7.407437736913889020e-05	6.904651575033819157e-05	6.469135222878302717e-05	6.087766036805960585e-05	5.751595848206034298e-05
6.000000000000000000e+01	1.448224670607624516e-04	1.266261074629756284e-04	1.127221760785163736e-04	1.017174863839395959e-04	9.277389938236852123e-05	8.535061073856032546e-05	7.908388057717529297e-05	7.372050865478271462e-05	6.907089915573080233e-05	6.500259998862041729e-05	6.140792829098198251e-05
5.900000000000000000e+01	1.542230050545936697e-04	1.348221630863229473e-04	1.200188145767571498e-04	1.082992920739931660e-04	9.878766763006290236e-05	9.090883061576147841e-05	8.421683057235356440e-05	7.850143059138295625e-05	7.354508590192137402e-05	6.921410246796485014e-05	6.539481092492340701e-05
5.800000000000000000e+01	1.642363758066549512e-04	1.435734098088636585e-04	1.277987593843007605e-04	1.153273381500625864e-04	1.051839465085888716e-04	9.676877202062042515e-05	8.967060282038105603e-05	8.358523926469533009e-05	7.831455396997127742e-05	7.370287591000536809e-05	6.962811384624660311e-05
5.700000000000000000e+01	1.741072438626284466e-04	1.521959748414809105e-04	1.354749695886249485e-04	1.222492893753357067e-04	1.115011244988007156e-04	1.025723261919683267e-04	9.504502417870859131e-05	8.860129056437644768e-05	8.301499408657229745e-05	7.812582271751850288e-05	7.380854043969914575e-05
5.600000000000000000e+01	1.841736800118781465e-04	1.609842404076744016e-04	1.432891816140826626e-04	1.292978756817921666e-04	1.179266595019842285e-04	1.084975243356442134e-04	1.005291954275651617e-04	9.370948729471494858e-05	8.780018347186814348e-05	8.263108904031208582e-05	7.806282808327546553e-05
5.500000000000000000e+01	1.944254821775066584e-04	1.699239006701861300e-04	1.512407927128417884e-04	1.364569923922940426e-04	1.244697618715100975e-04	1.145031513594933369e-04	1.061028501902144756e-04	9.890217494859209466e-05	9.267116833781067185e-05	8.720659565680209939e-05	8.238944701221321513e-05
5.400000000000000000e+01	2.048337285616951811e-04	1.790043859441350178e-04	1.593155413741671094e-04	1.437368224006267052e-04	1.311014570221709797e-04	1.206082969997872799e-04	1.117561076567851982e-04	1.041695306803927079e-04	9.760461106026505995e-05	9.185032228965894622e-05	8.677634703024885419e-05
5.300000000000000000e+01	2.153778512168844626e-04	1.882100571563149344e-04	1.674857940249189624e-04	1.511135283271162425e-04	1.378182115995131942e-04	1.267921709788808490e-04	1.174749517001765316e-04	1.095111216476420081e-04	1.026047924070953664e-04	9.656627892901972993e-05	9.122683012768174730e-05
5.200000000000000000e+01	2.260593992087458657e-04	1.975185309219845329e-04	1.757492316597669994e-04	1.585725942542411376e-04	1.446190805858268492e-04	1.330456267171655339e-04	1.232745638392350527e-04	1.149149613768447685e-04	1.076705611261076598e-04	1.013222958440983680e-04	9.572296010870503928e-05
5.100000000000000000e+01	2.368814817966492727e-04	2.069257347579915118e-04	1.841248064605760005e-04	1.661066492995513387e-04	1.514931984471707999e-04	1.393681634862736025e-04	1.291289902191127621e-04	1.203690865814301890e-04	1.127752145587654657e-04	1.061356476897966789e-04	1.002654663564912693e-04
5.000000000000000000e+01	2.477956915829733790e-04	2.164239762894579525e-04	1.925698203863923023e-04	1.737089077291022090e-04	1.584268979041210954e-04	1.457352710886190546e-04	1.350366698302428935e-04	1.258682142321100876e-04	1.179337236649183242e-04	1.109844057430751853e-04	1.048507109258227420e-04
